1571722305  1  1  2  0  0  0  2  0  1  1  0  2  0  2  1  0 
1571722306  0  2  1  2  0  0  3  0  1  0  0  1  1  1  0  0 
1571722307  0  0 10  1  1  3  4  2  3  1  5  3  2  3  1  5 
1571722308 20  8 12 12 56 12 16 20 39 19 10 13  8  8 14 19 
1571722309 10  3 47  6 10 11 11  6  7 24 13 15 11  1 10 13 
1571722311 10  4  2  5  5  4 60 12  4 25  8 25  7  5 10  6 
1571722312 15  0  2 14  1  0 25  3  0  0  3  5  2  2  0  0 
1571722313 54 20 23 26 35 19 13 14 38 13 42 18 28 33 28 31 
1571722314 59 53 55 42 54 42 59 54 47 58 40 45 52 50 48 62 
1571722315 30 27 40 20 15 35 31 24 33 11 17 15 18 33 10  9 
1571722316  9  2 36 15 15  9 28 22  4  1  5  1  3  0  1  1 
1571722318  9 28 25 13 11  5 28 17  2  0  1  0  3  3  1  1 
1571722319  6 17 27 12 13 12 22 18  7  1  3  1  1  2  3  1 
1571722320 12 14 26 14 14 10 25 18 11  0  4  0  3  3  1  1 
1571722321 14 15 23 18 15  8 15 20  5  1  7  3  0  1  1  1 
1571722323 12 15 26 13 13 11 19 15  3  1  1  1  0  1  1  1 
1571722324 10 16 18 13 15 11 21 16  0  0  1  1  0  0  1  1 
1571722325 12 14 23 13 12 12 25 15  0  1  1  3  2  1  2  2 
1571722326 13 13 23 14 12 10 22 21  3  0  0  0  0  1  3  2 
1571722327 16 20 25 12 16 10 19 17  1  1  2  4  2  3  2  3 
1571722329 10 22 21 11 14 10 24 15  4  2  3  5  5  4  6  3 
1571722330 16 15 27 11 12  9 12 17  7  3  1  1  2  1  1  2 
1571722331  7 13 20 15 16 14 11 17  2  0  0  0  0  1  2  2 
1571722332  1 20 18 11 19 11 10 21  4  3  6  3  3  2  3  3 
1571722334 12 12  2 11 20 18  5  7  3  0  0  1  0  0  1  2 
1571722335  5  8 19 13 17  9  8  8  2  0  3  1  1  3  3  0 
1571722336  4 22 11 27 12 10 19 17  3  0  4  0  6  2  3  1 
1571722337 14 15  8 20 13 14  8 11  2  1  1  1  1  2  1  0 
1571722338  1  4  0 47 15  0  3 16  0  2  1  1  2  2  1  1 
1571722340  3  0  4 46 16  3  4  8  1  0  4  4  0  0  1  3 
1571722341 18  0  1 25 17  1  1 12  4  3  4  4  3  0  3  4 
1571722342  0  3  1  0 21  0 14 46  2  3  3  2  1  1  0  1 
1571722343  1  3  0  0 24  0 24 44  0  2  4  1  0  2  2  0 
1571722345  2  0  1  2  4  1 24  0  2  2  0  1  0  3  2  2 
1571722346 68 63 66 69 67 71 66 71 63 63 66 64 65 60 64 65 
1571722347 50 41 40 43 45 41 44 49 47 70 40 42 40 49 41 47 
1571722348 28 36 41 22 39 26 44 35 22 51 19 21 32 27 14 28 
1571722349 35 36 30 39 22 22 29 36 17 19 18 43 26 23 22 18 
1571722350 26 10 11 14  6 11 25 20 11  3  1  2  2  2  0  2 
1571722352 10 15  9 10 10 11  8 10  2  0  2  3  1  4  1  3 
1571722353 20 13 11 10  9  9  8 10  2  2  0  1  5  3  0  1 
1571722354 11 10 11  9 11 10 10 11  1  3  0  1  0  3  0  0 
1571722355 14 21 17 14 15 14 11 10  7  9  8  8  8  8  8  8 
1571722357  9 12 15 15 15  5 26  7  1  1  2  3  1  0  2  2 
1571722358 11 13 13 15 11 18 14 11  4  2  1  0  0  0  0  1 
1571722359  8  9 10 11 12 17 16 11  0  2  2  1  0  1  0  1 
1571722360  9 13  9 13 12 13  9 11  1  2  1  0  2  2  2  0 
1571722361  9 17  9 11 14 11 14 10  5  7  6  5  7  4  8  6 
1571722363  8 20 10 10 12 12 17 13  2  3 69  0  0  1  0  1 
1571722364 12  8  8  9  9 39 10  9  4  7  0  1  1  1  0  1 
1571722365  9 13 13 15 14 15 14 12  3  7  4  0  0  0  1  1 
1571722366  8  8 13 12  9 12 14  9  1  3  1  0  2  1  0  1 
1571722368  7  8  4  7  7  9 11 18  0  3  0  0  2  3  0  0 
1571722369 11 13  9 38  4 15 11  7  0  2 25  3  4  1  0  0 
1571722370  6 10  8 11 11  9 10  8  2  5  2  0  0  0  2  0 
1571722371  8  5 12  7  8  5  8 10  1  2  2  1  0  0  3  0 
1571722372  2  6  9 10  3  7  8  6  2  2  0  2  5  0  0  0 
1571722374  3 11 14  5  3  8  9  4  2  6  2  0  0  1  0  2 
1571722375  0  3  4  4  4  0  5  8  0  1  1  0  0  0  2  3 
1571722376  0  0  5  3  6  1  1  1  1  0  0  0  2  0  1  1 
1571722377  2  2  2  0  2  0  1  2  1  2  3  1  1  0  2  0 
1571722379  2  0  1  2  0  3  3  1  0  0 41  0  3  1  1  2 
1571722380  2  1  2  2  1  6  2  6  0  0  8  1  0  2  0  1 
1571722381  0  1  1  1  1  2  2  1  1  1  1  0  0  0  0  2 
1571722382  0  0  1  0  0  1  1  0  3  1  0  0  0  2  2  3 
1571722384  1  0  0  0  1  0  1  1  2  2  2  0  3  1  1  1 
1571722385  0  1  1  1  0  1  2  1  2  0  0  1  1  0  0  3 
1571722386  1  0  0  0  0  2  0  1  0  2  1  0  0  2  2  0 
1571722387  0  0  0  0  0  1  1  3  1  0  1  3  1  0  2  0 
1571722389  1  1  0  1  1  0  3  0  3  2  2  1  1  1  0  2 
1571722390  1  1  0  2  0  0  1  0  2  1  1  0  2  0  0  1 
1571722391  3  2  0  1  1  1  0  0  1  1  0  2  0  2  2  4 
1571722392  1  0  0  1  0  2  0  1  1  1  0  1  0  1  1  0 
1571722394  0  0  0  0  0  0  2  1  2  0  0  2  0  2  1  1 
1571722395  1  0  0  0  0  0  0  0  5  3  1  0  0  2  0  1 
1571722396  2  1  1  0  0  0  0  0  0  1  0  1  1  1  2  2 
1571722398  0  0  0  0  2  2  2  2  0  0  3  1  0  1  0  1 
1571722399  0  0  0  0  0  0  2  1  0  3  0  2  1  1  1  0 
1571722400  0  0  1  3  0  1  0  0  0  0  1  1  0  1  0  0 
1571722401  1  2  1  3  0 40  6  1  2  4  2  2  3  0  2  1 
1571722403  0  0  2  0  2  1  2  0  1  0  2  0  0  0  0  3 
1571722404  1  0  0  1  1  1  0  0  0  0  0  0  3  2  2  1 

