1571722378  2  1  2  3  4  1  0  2  2  0  0  2  0  3  2  2 
1571722380  1  1  0  3  1  0  2  3  1  2  1  0  0  0  0  1 
1571722381  0  1  0  1  0  0  0  0  0  0  2  0  0  0  3  0 
1571722382  7 16  7  6  5 13  5  5 12  6  8  3 28  5 16  5 
1571722383 12 11 12 25 19 15 10 11 22  7 25  7 31 30 10  8 
1571722384 24 11 10  8 10  9 16 18 55  8  7  9 32  9  8 13 
1571722386 23 11  5  7  8  1 31  7  2  5  0  9  9 28 18  5 
1571722387  5  4 10  6  8  3 19 28 24  4  9  2  9  6  5  7 
1571722388 42 20 55 23 38 11 15 22 29 29 42 25 38 21 17 40 
1571722389 44 52 44 36 59 59 48 59 54 50 55 44 57 41 45 52 
1571722390 15 15 15 15 10 38 19 15 13 14 10  7 14 11  8  8 
1571722391 11 12 10 10 10 30 10 28  0  0  0  1  2  0  2  1 
1571722393 10 11 15 10 13 33 11 24  5  4  7  2  2  3  3  1 
1571722394 10 10 21  7 11 33  4 25  6 26  4 16  9  3  3  0 
1571722395 14 16 13  9 13 36  6 24  9 18  8  3  0  1  4  1 
1571722396 19  9 18  7 18 33  9 24  2  2  2 13  8 12  7  5 
1571722398 11 13 12 16 10 40 14 23  6  1  2  3  1 10  7  3 
1571722399 12  9 11 17 12 36 11 22  1  1  0  2  1  0  5  3 
1571722400  7 15 13 14 11 29  9 25  0  0  2  0  1  1  1  2 
1571722401  6 13 15 13 11 32 13 25  8  1  0  0  0  7  3  4 
1571722402 11 12 15 18 17 32 14 27  3  2  1  1  3  4  3  5 
1571722404  9 13 14 12 22 30  9 22  2  3  3  2  5 10  3  2 
1571722405 19 11 18 15 14 33 10 24  6 16  7  6  6  3  9  2 
1571722406  8 15 16  4  9 16 17 22  3  2  1  1  2  3  1  2 
1571722407  7  8 19  3  3 22  3 31  1 10  6 18  2  3  3  1 
1571722408  6 16 20 25 21 10 11 12  2  1  1  1  1  0  1  2 
1571722410 13  6 12 14 20 18 18  4  4  3  2  7  1  2  2  2 
1571722411  8  1 20 16  4 18  1  4  2  2  2  0  1  2  0  1 
1571722412  2  5  8  9  4  9 22 11  1  0  0  0  2  3  1  2 
1571722413 15 20  9  8  5  7 12  5  4  1  1  2  1  2  0  1 
1571722415  1  1 25 19 20  7 10  1  2  3  2  2  2  2  2  1 
1571722416 13 21  5  2 12 14 20  8  3  1  2  1  1  0  0  0 
1571722417 11  2 12 18  4 26  3  0  0  1  4  1  3  2  0  1 
1571722418  3  2  0 22  6  2 22 27  6  4  2  1  0  1  1  0 
1571722419  2  4  5 16  5  2 12 12  7  4  4  6  3  5  5  6 
1571722421 89 83 85 83 77 78 82 74 85 85 85 84 82 84 85 87 
1571722422 32 83 46 35 19 34 24 29 22 27 14 25 41 20 19 16 
1571722423 31 69 62 39 41 37 44 32 33 28 25 31 32 25 40 32 
1571722424 38 29 15 50 17 31 25 35 25 54 33 20 31 33 22 21 
1571722425 13 13  2  5 15  6 10  6  1  0  0  1  0  3  3  0 
1571722427  5  5  6 11  3  5 13  9  2  3  1  2  3  0  3  1 
1571722428  7  5  8 12  7  9 17  8  1  3  0  2  0  0  0  0 
1571722429 10 13  4 10  9  6 14 17  2  0  0  1  1  0  2  3 
1571722430  6  6  8  7  6 12 13  7  2  2  2 18  1  0  0  2 
1571722432  8 10  8  6  6  3 18  8  0  0  1  3  1  2  2  2 
1571722433  7  9  5 11  6  6 12  8  7  1  3  2  4  4  2  1 
1571722434  9  3  8 14  7  8 10  9  2  1  1  0  1  4  3  1 
1571722435 15 12  6  9  7  3 11 12  1  0  1  1  4  0  0  5 
1571722436 16  8 12  6  3 14 10  8  1  6  2  2  4  3  3  5 
1571722438 21 11 35  9  7  7 11  7 10  0  2  4  0  1  0  1 
1571722439 12  8  7  9  8  4 13 14  1  0  1  1  2  2  0  2 
1571722440  5  6  7  8  7  8 11  7  0  1  2  2  1  3  1  2 
1571722441 11 10  5 11  3  2 12  6  0  1  0  1  0  0  0  0 
1571722443 13 11 13 17 14 11 26 18 10 12 10 13 10 12 11 11 
1571722444  9  3  2 11  6  4  7  9  0  1  3  1  0  2  1  1 
1571722445 10  4  9 15  6  3 12 10  0  1  1  1  0  0  1  1 
1571722446  9  4  9 17  7  8 14  7  0  1  1  1  1  1  0  0 
1571722447 15 13 15 17 15 10 25 15  0  0  0  2  4  1  0  1 
1571722449 13 15 15 13 14 11 19 15  1  0  0  1  1  1  0  2 
1571722450 17 70 50 23 17  9 14  9  1  1  1  1  2  1  1  1 
1571722451  8 18 12 13  8  7 15 16  4  3  7  2  4  4  3  2 
1571722452  5  2  5  3  3  5  6  3  3  3  3  2  3  6  5  2 
1571722454  6  2  5  9  4  6  1  1  1  2  1  1  3  1  0  1 
1571722455  1  1  1  2  3  1  0  0  2  1  2  2  0  4  2  0 
1571722456  3  3  1  1  0  1  1  5  1  3  2  2  3  4  1  2 
1571722457  1  3  2  2  1  0  2  0  0  0  1  1  1  0  2  0 
1571722459  0  0  0  0  2  0  0  0  0  0  0  2  1  2  3  2 
1571722460  0  2  0  0  0  0  2  0  0  1  1  2  0  1  1  0 
1571722461  2  3  0  0  0  2  3  2  0  0  0  1  1  1  0  1 
1571722462  0  1  0  1  4  1  2  1  0  1  2  1  0  1  2  1 
1571722464  1  2  0  0  0  2  3  1  0  0  1  0  1  2  1  1 
1571722465  0  3  0  0  0  0  1  0  2  2  1  0  0  0  3  4 
1571722466  0  1  0  0  1  0  0  0  0  0  2  2  0  0  3  4 
1571722467  0  0  1  0  0  0  0  0  0  1  0  0  1  0  1  2 
1571722469  0  1  0  0  2  1  1  0  0  2  1  2  0  1  1  0 
1571722470  0  4  3  1  2  0  2  1  1  2  3  0  0  0  0  0 
1571722471  1  3  0  2  2  0  0  1  2  2  1  0  0  3  0  2 
1571722473  0  4  1  2  2  2  0  0  0  2  0  0  3  0  0  0 
1571722474  2  2  0  0  0  0  0  1  3  2  2  1  1  1  0  0 
1571722475  4  4  4  1 17  0  2  2  2  3  9  8  2  2  2  2 
1571722476  0  0  2  0 16  0  0  1  1  2  1  0  1  0  0  2 
1571722477  0  1  3  0  1  0  0  2  1  2  1  0  0  0  2  1 
1571722479  2  1  6  3  0  0  0  1  1  2  0  1  0  2  2  0 
1571722480  3  1  0  0  1  0  0  0  0  1  1  0  1  0  1  0
