1571722338 13 13 34  9 18 17 11 11 41  8  7  6  7  5  6 25 
1571722340 17  0  4 16  1  0  0  0 31  4  6  7  9  4 11  7 
1571722341  5  8  9  1 64 27  5 12  8 65 12  8 10 14 12 12 
1571722342 50 23  6  7 10 22 11  7 10 19 33 14  8  9 13 18 
1571722343 47 11 31 71 18 17 32 21 36 23 19 47 10 22 48 44 
1571722344 45 22 22 19 24 42 31 48 38 24 35 37 22 24 46 30 
1571722345 19 50 23 16 15 23 12 27 10 11  7 10 12 13 12  8 
1571722347 19 18 42 21 23 48 11 17 28 12 11 14 11 16 18 37 
1571722348 69 77 50 66 61 82 79 78 61 73 72 61 79 60 55 60 
1571722349 88 89 70 88 55 20 15 30 98 58 17 78 91 40 98 46 
1571722350 36 55 42 55 48 23 19 20 42 41 43 44 12 25 17 25 
1571722351  0 14 10  9  3  7 12 12  0  0  0  0  1  3  0  0 
1571722353  3 11 12  7  4  8  9  8  0  0  2  3  4  3  0  0 
1571722354  4  8 12  7  4  8 10  9  0  2  0  1  1  3  1  0 
1571722355  3 14 10  8  1  7  8  9  0  1  2  0  0  0  0  0 
1571722356  1 11  9  9  1  9 12 11  4  2  1  0  0  0  1  1 
1571722358  1 15  7  8  3 10  9 10  0  1  0  3  1  5  1  0 
1571722359  2 13 11  6  0  7  9  9  2  1  2  0 10  0  0  0 
1571722360  3 10  8  8  5  9 10  9  0  0  0  2  7  1  1  0 
1571722361  2  6  9  7  9 12 14 12  0  2  1  0  2  1  0  1 
1571722363  2  8  9  9  7  8 10 10  0  0  0  1  3  2  3  1 
1571722364  0  7 11  9  8 11 10  7  0  0  3  4  3  2  0  0 
1571722365  4 10 13  7 10  8  9  8  3  1  1  1  3  1  0  0 
1571722367  4  5  8  7  9 12 14  1  0  0  0  2  2  3  1  0 
1571722368  3  5 10  4 15  9 11  5  2  1  3  2  1  2  0  3 
1571722369  1  2 80  7 42  5 13 66  2  2  1  3  5  5  4  2 
1571722370  2  6  8  6  9  8  9  6  2  1  1  0  1  2  2  1 
1571722372  1 11 10  5  6 13  8  5  2  2  1  2  0  1  9  0 
1571722373  4  9  4  2  6 11  9  6  0  0  0  1  1  0  1  1 
1571722374  0 29 20  5 16  3  7  5  1  0  0  1  0  1  1  0 
1571722375  0 100 99  5  1  2  5  4  2  2  1  0  2  2  2  0 
1571722376  0 100  1 97  4  6  4  4  1  1  0  0  0  0  0  1 
1571722378  2 31  5 22  2  6  4  3  0  1  0  0  4  1  2  4 
1571722379  4  8  5  3  0  2  6  4  1  0  1  0  1  1  0  3 
1571722380  1  3  2  0  2  3  4  8  3  1  1  1  4  4  9  6 
1571722381 83 80 79 76 75 75 84 80 81 82 80 86 80 85 82 87 
1571722383 48 32 32 28 39 22 31 36 34 13 17 19 15 25 11 18 
1571722384 55 47 40 41 38 48 52 42 56 36 60 47 43 37 41 55 
1571722385 45 27 19 27 19 21 19 38 21 19 26 23 17 18 21 27 
1571722386 17 19 20 20 41 18 16 19  9  8 15  2  6 10 25 30 
1571722387 42 17 31 16 17 19 17 23  5  4  8  8  3  5  1  2 
1571722389 13 15 21 18 22 16 18 19  4  1  3  2  3  1  3  2 
1571722390 15 16 17 17 22 21 21 25  3  2  2  0  0  2  0  2 
1571722391 11 17 19 25 21 20 21 26  4  1  7  5  5  5  2  3 
1571722392 16 45 14 23 23 16 17 25 20 12 10  9 12 14 14 16 
1571722393 14 19 19 20 25 44 24 14  3  4  4  9  2  4  5  0 
1571722395 12 38 18 20 18 16 23 37  6  1  3  3  2  1  6  5 
1571722396 12 20 19 32 28 20 20 22  0  0  0  0  1  0 17  2 
1571722397 20 16 21 29 13 23 18 16  6  4  1  8  0  2 13  2 
1571722398 14 36 18 23 17 18 21 44  4  5  4  1  3  2  0  6 
1571722400 14 18 19 18 17 20 20 18  0  0  1  0  0  2  2  0 
1571722401 12 16 18 19 18 23 17 23  4  2 27  2  2  4  0  1 
1571722402 12 23 35 16 21 20 16 23  2  0  6  3 40  0  1  7 
1571722403 62 58 60 57 58 60 77 59 43  2  0  1 16  0  0 28 
1571722404 16 20 34 20 17 17 19 22 43  2  4  4  4 37  2  4 
1571722406 16 20 18 58 18 20 20 20 41  6  5  1  8  1  8  4 
1571722407  8 21 20 17 16 24 16 22  3  2  2  3  2  0  4  2 
1571722408 12 19 16 20 14 16 18 19  3  2  3  0  4  2  1  2 
1571722409 11 98 10 45 11 16 20 25  2  0  2  2  2  1  3  0 
1571722411  7 84 30 12 38 76 13 17  1  1  1  4  1  3  0  0 
1571722412  6 10 100  9 86 27 12 15  0  0  0  1  4  3  3  0 
1571722413  0  2 100  3 32 89  4 18  1  1  1  0  1  1  2  3 
1571722414  3  0  0 100 99 52  1  2  1  2  5  2  4  0  4  3 
1571722416  6  3  6 100 91  5 12  1  3  2  1  0  3  5  0  0 
1571722417  1  0  5 12 100  3  3  4  1  2  2  2  0  0  3  5 
1571722418  0  0  0  1 100 15  3  1  1  0  3  4  2  3  1  0 
1571722419  0  2  0  2 83  9 100  3 100  3  2  0  0  0  1  1 
1571722421 33 85  1  2 11  0 16  1 61  1  2  0  1  0  1  3 
1571722422 96 100  1  2  0  0  0  0  0  0  0  1  1  0  3  2 
1571722423  0 100 36  2  1  0  1  2  0  0  0 77  0  4  1  0 
1571722424  0 92 43  2  0  2  1  1  0  2  1 100  3  2  0  3 
1571722426  0 100  0  0  2  2  2  0  2  0  2 12  1  2  0  4 
1571722427  0 100  1  2  0  2  2  1  1  0  2  2  2  1  1  1 
1571722428  0 100  4  1  0  0  0  0  1  1  1  2  0  0  2  4 
1571722429  0 100  8  2 51  1  0  0  0  1  1  3  3  0  0  0 
1571722431  0 100  2  1 27  4  1  1  1  2  1  0  0  0  0  3 
1571722432  0 100  2  0  2  1  2  0  2  1  3  0  0  0  1  2 
1571722433  0 99 25 27  0  0  1  3  0  0  0  1  1  0  0  2 
1571722434  1 100 65 38  0  0  1  0  0  0  1  0  2  0  2  3 
1571722436  2 36  5 70  3  4  3  4  3  4  2  1  7  4  5  2 
1571722437  0  2  1  0  1  0  3 14  0  1  1 38  0  0  0  2 
1571722438  0  1  0  0  2  2  1  3  0  0  0  0  2  2  2  1 
1571722439  0  0  0  1  0  0  0  0  1  1  2  3  2  1  2  1 
1571722441  2 65  2  2  1  0  0  1  0  0  0  1  2  0  1  0 
1571722442  0 89 10  2  2  0  0  0  0  0  2  1  3  0  1  0
