1571722382  2  0  0  0  0  2  0  0  1  0  3  1  0  2  2  2 
1571722383  0  0  0  0  0  0  0  0  0  1  2  1  0  1  3  0 
1571722384  0  1  0  0  0  2  1  3  0  1  2  0  1  1  2  2 
1571722386  2  3  0  0  2  1  0  1  0  1  0  1  0  1  0  0 
1571722387  0  6  0  3  0  2  1  3  7  1  4 15  1  2  0  2 
1571722388 18 14 35 57 14 12 16 15 29 14 10  9 15 10  8 14 
1571722389 20 19 12  9 12  9 25 10 35 20  5  3  7  5  8  5 
1571722390 10 11 26 12 14 12 21 42 29  2  1  2  1  3  2  3 
1571722392  3  2 21  1  2  3  2 23  3  2  3  3  2  2  0  0 
1571722393 52 29 20  6 10 12 13 11 22 37  6  2  6 39  9  5 
1571722394 42 41 42 52 39 46 39 57 40 30 43 38 33 30 35 35 
1571722395 12 18 37  8 33 10 42 24 10  8 13 10 13 28  4  3 
1571722397 13 17 21 12 19 18 32 16 13 18 10 15 10 11 10 12 
1571722398 10 14 10  9 12 12 21 13  1  0  1  4  4  3  1  0 
1571722399  9  9  7  7 15 14 24  6 13 11  6  2  3  0  0 11 
1571722400 13  4 19 13 15  6  9 10 16  8 15  9  0 13  3  1 
1571722401  4 11  8 10 14 15 20  5 16  4  2  6  3  2  6  8 
1571722403  1  7  7 12 10  9 28 14 10 16  2  2 22  2  0 12 
1571722404 12 10 16  9 15  9 23  2 18  4  3 22  1  9  8  1 
1571722405  8 11 12  9 12 11 23 10 10  2  1  0  2  2  1  6 
1571722406 12 16 14 12 15  9 23 11  2  1  0  1  2  5  4  2 
1571722407 11 13  9 11 13 16 23 14  1  2  2  3  1  2  4  3 
1571722409 10 11 15 11 15 16 15 16  0  2  3  1  4  2  2  0 
1571722410 13 12 10 16 15 10 26 15  3  1  1  3  1  3  2  0 
1571722411  9 12 13  9 14 10 50 13  5  1  0  2  0  0  2  2 
1571722412  8 15 15  9 16 10 40 20  0  3  3  3  1  3  0  1 
1571722414  5 10 14 12 18 10 35  9  7 19  2  2  5  6  3  5 
1571722415 14 22 10 10 12 10 25 24  3  3  4  1  3 13  2  2 
1571722416 18 18 11 19 12  8 22 30  1  1  1  1  3  1  1  0 
1571722417 27 10 26 16 10 19 30 12  2  4  2  4  1  2  4  1 
1571722418 16 14 12 14  7 25 16 17  2  4  3  0  0  0  1  2 
1571722420 21 13 43 14  6 14  6  7  7  2  1  1  2  1  0  0 
1571722421  0 14 25  9  2 45  1 14 12  2  0  0  0  0  3  0 
1571722422 18 12 15 21 20  5 14  4 11  1  2  0  1  1 11  3 
1571722423  0  0  0  0 28  2 44  0  2  4  0  0  3  0  2  1 
1571722424  2  0  0  0 79  0 16 10  4  4  1  1  5  2  0  4 
1571722426 72 70 68 68 67 69 69 74 75 76 77 74 73 70 76 73 
1571722427 32 28 35 41 38 40 31 40 28 28 31 39 36 44 31 24 
1571722428 45 32 36 24 28 35 50 34 25 28 24 18 49 28 23 39 
1571722429 40 35 35 40 26 25 42 38 20 31 28 25 20 14 18 33 
1571722430  7 13 12 22 15 16 16 15 14 10  7 14 14 11 13  8 
1571722432 12 14  5 16 17  5  6  9  3  4  4  5  1  4  5  2 
1571722433 14  8  9 11 15  9  8 11  4 18  2  3  0  3  4  2 
1571722434 11 11  7  7 15 14  8  8  2  9  4  2  2  4  3  3 
1571722435 16 16  9  7 29 18 15  7 12 11  7  9  8  9  9 12 
1571722437 10  9 13  9 17 10 11 10  1  1  4  1  2  0  0  3 
1571722438  6  8 10  9 21  7  8  9  0  2  2  0  3  1  4  3 
1571722439 11 14  8 11 17 11  7  7  0  3  0  0  0  0  1  1 
1571722440  6 12  4 10 17  8 13 11  1  0  3  1  1  0  2  1 
1571722441 10 15 10 10 16 10 13  8  4  5  3  3  4  0  1  3 
1571722443 10 14 12  7 20  6 10  8  2  3  3  0  0  0  2  0 
1571722444 13 14  8  7 50  4 10  9  6  7  3  2  2  1  8  4 
1571722445 10  9  6  3 13  5  8 10  1  1  1  2  0  2  1  1 
1571722446 12 10  4  5 21  8 10  6  3  5  3  1  2  0  0  4 
1571722447  3 10  5 10 12  6  5  5  3  5  3  0  3  1  0  1 
1571722449 10 16  5  2 15  7 10  7  2  1  0  0  2  2  6  2 
1571722450  6  8  6  9 17  9  8  9  0  2  1  3  1  1  1  2 
1571722451 14 11  3  2 16  7  9  9  2  3  1  1  2  2  0  2 
1571722452  4  5  4  3 14  4  9  3  0  1  0  1  1  2  3  1 
1571722454  0  6  3  4 10  7  3  1  1  1  2  0  0  0 71  0 
1571722455  4  5  2  1  6  3  4 38  1  1  1  1  0  0 17 99 
1571722456  1  1  1  0  7  2  0  2  3  0  2  1  2  3  0 27 
1571722457  1  1  1  0  1  1  2  2  0  1  2  1  2  1  0  2 
1571722459  0  2  1  1  4  0  0  0  1  0  0  0  0  1  0  0 
1571722460  0  1  2  0  2  0  0  2  3  2  0  3  0  3  3  0 
1571722461  1  1  0  2  2  1  0  1  2  2  2  1  0  0  1  0 
1571722462  0  1  0  0  1  2  2  1  1  2  2  1  0  0  0  4 
1571722464  3  0  0  0  1  3  2  0  0  1  3  0  0  0  1  0 
1571722465  1  0  0  1  0  4  0  0  0  4  1  0  0  0  0  0 
1571722466  0  2  2  0  0  2  0  1  0  0  3  1  1  2  3  0 
1571722467  0  1  0  0  0  0  1  0  0  0  0  0  1  4  0  0 
1571722469  1  1  0  0  2  1  1  1  0  1  2  3  3  1  2  2 
1571722470  0  1  0  1  1  1  3  0  0  1  0  0  3  2  0  1 
1571722471  0  0  0  0  3  0  0  0  0  0  3  0  0  0  1  0 
1571722472  0  0  0  0  0  0  3  2  2  1  1  0  1  0  0  0 
1571722474  0  0  0  0  0  1  2  0  1  3  2  2  0  0  0  0 
1571722475  3  1  0  0  0  2  1  1  0  1  2  0  1  1  0  0 
1571722476  0  1  0  1  2  1  0  0  2  0  0  0  0  0  2  2 
1571722477  0  1  0  0  0  2  1  2  0  1  2  0  1  1  1  0 
1571722479  1  0  0  1  0  1  1  0  0  0  2  1  0  0  1  3 
1571722480  3  2  1  0  0  3  2  0  3  0  1  2  1  1  0  2 
1571722481  1  4  1  0  3 40  0  2  6  3  0  1  1  0  2  1 
1571722482  0  0  2  0  1  0  0  1  2  0  0  0  2  3  2  0 
1571722484  1  1  2  2  0  2  1  0  0  0  2  4  2  1  1  0 
1571722485  0  1  1  0  0  0  0  0  1  1  0  3  3  1  2  0 
1571722486  0  2  0  0  2  0  1  1  1  2  0  1  3  1  0  1
